011212001011
011212001022
011212001032
011212001042
011212001052
011212001063
011212001064
011212001065
011212001072
011212001082
011212001092
011212006012
011212006022
011212006032
011212006042
011212006052
011212006063
011212006064
011212006065
011212006072
011212006082
011212006092
011212006103
011212006104
011212006105
011212006113
011212006114
011212006115
011212006123
011212006124
011212006125
011212006132
011212006142
011212006143
011212006144
011212006145
011212006152
011212006162
011212006172
011212008012
011212008022
011212008032
011212008042
011212008043
011212008044
011212008045
011212008053
011212008054
011212008055
011212008062
011212008072
011212009013
011212009014
011212009015
011212009022
011212009033
011212009034
011212009035
011212009042
011212009052
011212009062
011212009073
011212009074
011212009075
011212009082
011212009092
011212014012
011212014022
011212014023
011212014024
011212014025
011212014032
011212014033
011212014034
011212014035
011212014042
011212014053
011212014054
011212014055
011212014062
011212019012
011212019022
011212019032
011212019043
011212019044
011212019045
011212019053
011212019054
011212019055
011212161011
011212205011
011212205023
011212205024
011212205025
011212205032
011212205033
011212205034
011212205035
011212205042
011212205052
011212205062
011212205072
011212205082
011212205092
011212205102
011212207011
011212207021
011212207032
011212207042
011212207052
011212207062
011212207072
011212207082
011212207092
011212207102
011212207112
011212207122
011212207132
011212210001
011212210011
011212210022
011212210032
011212210042
011212210052
011212210062
011212210073
011212210074
011212210075
011212210082
011212210092
011212210102
011212210113
011212210114
011212210115
011212210122
011212210133
011212210134
011212210135
011212210142
011212210152
011212210163
011212210164
011212210165
011212262011
011212303013
011212303014
011212303015
011212303022
011212303033
011212303034
011212303035
011212303043
011212303044
011212303045
011212303053
011212303054
011212303055
011212312011
011212312021
011212312032
011212312042
011212312053
011212312054
011212312055
011212312062
011212312073
011212312074
011212312075
011212313011
011212313023
011212313024
011212313025
011212313033
011212313034
011212313035
011212313043
011212313044
011212313045
011212313052
011212313062
011212313072
011212313082
011212313093
011212313094
011212313095
011212318013
011212318014
011212318015
011212318022
011212318033
011212318034
011212318035
011212318042
011212318052
011212318062
011212318072
011212318082
011212318093
011212318094
011212318095
011212318102
011212402012
011212402023
011212402024
011212402025
011212402032
011212402033
011212402034
011212402035
011212402042
011212402052
011212402062
011212402072
011212404012
011212404023
011212404024
011212404025
011212404032
011212404042
011212404052
011212404062
011212404072
011212404073
011212404074
011212404075
011212416012
011212416013
011212416014
011212416015
011212416022
011212416032
011212416042
011212416052
011212416053
011212416054
011212416055
011212416062
011212416063
011212416064
011212416065
011212416072
011212416082
011212416092
011212416103
011212416104
011212416105
011212416112
011212416122
011212416132
011212416133
011212416134
011212416135
011212416142
011212416143
011212416144
011212416145
011212416153
011212416154
011212416155
011212416162
011212463011
011216911011
011216911021
011216911023
011216911024
011216911025
011216911032
011216911033
011216911034
011216911035
011216911042
011216911052
011216911062
011216911072
011216911082
011216911092
011216911102
011216911112
011216911123
011216911124
011216911125
011216911132
011216911142
011216915011
011216915021
011216915032
011216915042
011216915052
011216915063
011216915064
011216915065
011216915072
011216915082
011216915092
011216917011
011216917022
011216917032
011216917042
011216917052
012414402011
012414402022
012414402032
012414402043
012414402044
012414402045
012414402052
012414402062
012414402072
012414402082
012414402093
012414402094
012414402095
012414402102
012414403011
012414403021
012414403031
012414403042
012414403052
012414403062
012414403072
012414403082
012414403092
012414403103
012414403104
012414403105
012414403113
012414403114
012414403115
012414403122
012414417011
012414417022
012414417032
012414417042
012414417052
012414417062
012414417072
012414417082
012414417092
012414417102
012414417112
012414417122
012414417132
012414417142
012414417152
012414461011
012414507011
012414507022
012414507032
012414507042
012414507052
012414507062
012414507072
012414507083
012414507084
012414507085
012414513011
012414513021
012414513031
012414513041
012414513052
012414513062
012414513072
012414513082
012414513092
012414562011
012414571011
012414604013
012414604014
012414604015
012414604022
012414604032
012414604042
012414604052
012414604063
012414604064
012414604065
012414604072
012414604082
012414604092
012414604102
012414604112
012414604122
012414604123
012414604124
012414604125
012414604132
012414604142
012414604143
012414604144
012414604145
012414604152
012414604162
012414606013
012414606014
012414606015
012414606023
012414606024
012414606025
012414606032
012414606042
012414606052
012414606062
012414606072
012414606082
012414606092
012414609011
012414609023
012414609024
012414609025
012414609032
012414609042
012414609053
012414609054
012414609055
012414664011
012414705011
012414705021
012414705032
012414705042
012414705052
012414705062
012414705063
012414705064
012414705065
012414705073
012414705074
012414705075
012414705082
012414766011
012414778011
012414863011
012414869011
012414870011
012414872011
012414874011
012414876011
012414911011
012414911022
012414911032
012414911033
012414911034
012414911035
012414911042
012414911053
012414911054
012414911055
012414911062
012414911072
012414911082
012414912013
012414912014
012414912015
012414912022
012414912032
012414912042
012414912052
012414915011
012414915021
012414915031
012414915041
012414915052
012414915062
012414915072
012414915082
012414915092
012414967011
012414973011
012414979011
012415001011
012415001021
012415001031
012415001042
012415001052
012415001062
012415001073
012415001074
012415001075
012415001081
012415016011
012415016021
012415016032
012415016042
012415016053
012415016054
012415016055
012415016063
012415016064
012415016065
012415016073
012415016074
012415016075
012415016083
012415016084
012415016085
012415016092
012415016093
012415016094
012415016095
012415016102
012415065011
012415068011
012415075011
012415108011
012415108021
012415108031
012415108042
012415108052
012415110012
012415110022
012415110032
012415110042
012415110053
012415110054
012415110055
012415110062
012415114011
012415114021
012415114031
012415114042
012415114052
012415177011
020811301011
020811301022
020811301032
020811301042
020811301052
020811301062
020811301073
020811301074
020811301075
020811303012
020811303023
020811303024
020811303025
020811303032
020811303042
020811303053
020811303054
020811303055
020811303063
020811303064
020811303065
020811305013
020811305014
020811305015
020811305022
020811305033
020811305034
020811305035
020811305043
020811305044
020811305045
020811305053
020811305054
020811305055
020811306013
020811306014
020811306015
020811306023
020811306024
020811306025
020811306032
020811306043
020811306044
020811306045
020811306052
020811307012
020811307023
020811307024
020811307025
020811307032
020811307043
020811307044
020811307045
020811307053
020811307054
020811307055
020811361011
020811402011
020811402022
020811402032
020811402042
020811402052
020811402063
020811402064
020811402065
020811402072
020811404011
020811404023
020811404024
020811404025
020811404032
020811404043
020811404044
020811404045
020811404052
020811404063
020811404064
020811404065
020811404072
020811404073
020811404074
020811404075
020811404082
020811404093
020811404094
020811404095
020811404103
020811404104
020811404105
020811404113
020811404114
020811404115
020811408012
020811408022
020811408032
020811408042
020811408053
020811408054
020811408055
020811408063
020811408064
020811408065
020811409013
020811409014
020811409015
020811409022
020811409033
020811409034
020811409035
020811409043
020811409044
020811409045
020811409053
020811409054
020811409055
020811409063
020811409064
020811409065
020811409072
020811409082
020811409092
020811409102
020811410011
020811410021
020811410032
020811410043
020811410044
020811410045
020811410053
020811410054
020811410055
020811410062
020811410073
020811410074
020811410075
020811410082
020811410092
020811411011
020811411021
020811411032
020811411033
020811411034
020811411035
020811411043
020811411044
020811411045
020811411052
020811411063
020811411064
020811411065
020811411072
020811411082
020811411092
020811411102
020811412013
020811412014
020811412015
020811412023
020811412024
020811412025
020811412033
020811412034
020811412035
020811462011
023015706012
023015706013
023015706014
023015706015
023015706023
023015706024
023015706025
023015706032
023015706043
023015706044
023015706045
023015707012
023015707022
023015707032
023015707042
023015707052
023015707053
023015707054
023015707055
023015707062
023015707072
023015707082
023015707083
023015707084
023015707085
023015707093
023015707094
023015707095
023015707102
023015707112
023015708012
023015708022
023015708033
023015708034
023015708035
023015708042
023015708052
023015708062
023015708063
023015708064
023015708065
023015708072
023015712011
023015712023
023015712024
023015712025
023015712033
023015712034
023015712035
023015712043
023015712044
023015712045
023015712052
023015712063
023015712064
023015712065
023015717011
023015717023
023015717024
023015717025
023015717033
023015717034
023015717035
023015717042
023015717052
023015717063
023015717064
023015717065
023015717072
023015717082
023015718012
023015718022
023015718033
023015718034
023015718035
023015718042
023015718052
023015718063
023015718064
023015718065
023015718073
023015718074
023015718075
023015720012
023015720013
023015720014
023015720015
023015720022
023015720032
023015720033
023015720034
023015720035
023015720042
023015720052
023015720063
023015720064
023015720065
023015761011
023015803011
023015803023
023015803024
023015803025
023015803032
023015803042
023015803053
023015803054
023015803055
023015803062
023015803072
023015803082
023015803093
023015803094
023015803095
023015803103
023015803104
023015803105
023015809011
023015809022
023015809032
023015809043
023015809044
023015809045
023015809052
023015809063
023015809064
023015809065
023015809072
023015809082
023015809092
023015809102
023015809113
023015809114
023015809115
023015810013
023015810014
023015810015
023015810022
023015810032
023015810043
023015810044
023015810045
023015810052
023015810062
023015810073
023015810074
023015810075
023015810082
023015810092
023015810103
023015810104
023015810105
023015810112
023015810123
023015810124
023015810125
023015810132
023015810142
023015823011
023015823022
023015823032
023015823042
023015823052
023015823062
023015823072
023015823083
023015823084
023015823085
023015827011
023015827022
023015827033
023015827034
023015827035
023015827042
023015827052
023015827062
023015827073
023015827074
023015827075
023015827082
023015827092
023015830012
023015830023
023015830024
023015830025
023015830032
023015830033
023015830034
023015830035
023015830043
023015830044
023015830045
023015830053
023015830054
023015830055
023015862011
023015904013
023015904014
023015904015
023015904023
023015904024
023015904025
023015904033
023015904034
023015904035
023015904042
023015904052
023015904063
023015904064
023015904065
023015904073
023015904074
023015904075
023015905012
023015905023
023015905024
023015905025
023015905032
023015905043
023015905044
023015905045
023015905053
023015905054
023015905055
023015911011
023015911023
023015911024
023015911025
023015911032
023015911043
023015911044
023015911045
023015911053
023015911054
023015911055
023015913012
023015913022
023015913033
023015913034
023015913035
023015913043
023015913044
023015913045
023015913052
023015913062
023015913072
023015914012
023015914022
023015914033
023015914034
023015914035
023015914043
023015914044
023015914045
023015915012
023015915023
023015915024
023015915025
023015915032
023015915043
023015915044
023015915045
023015915053
023015915054
023015915055
023015915063
023015915064
023015915065
023015922013
023015922014
023015922015
023015922023
023015922024
023015922025
023015922033
023015922034
023015922035
023015922042
023015922053
023015922054
023015922055
023015929012
023015929022
023015929033
023015929034
023015929035
023015963011
023016001011
023016001022
023016001023
023016001024
023016001025
023016001032
023016001043
023016001044
023016001045
023016001053
023016001054
023016001055
023016002011
023016002022
023016002032
023016002043
023016002044
023016002045
023016002052
023016002062
023016002073
023016002074
023016002075
023016002083
023016002084
023016002085
023016019011
023016019022
023016019032
023016019033
023016019034
023016019035
023016019043
023016019044
023016019045
023016019052
023016019053
023016019054
023016019055
023016019062
023016019073
023016019074
023016019075
023016019083
023016019084
023016019085
023016019093
023016019094
023016019095
023016028011
023016028022
023016028033
023016028034
023016028035
023016028042
023016028043
023016028044
023016028045
023016028053
023016028054
023016028055
023016028062
023016028072
023016031011
023016031023
023016031024
023016031025
023016031033
023016031034
023016031035
023016031042
023016031053
023016031054
023016031055
023016031062
023016031072
023016031082
023016116013
023016116014
023016116015
023016116023
023016116024
023016116025
023016116032
023016121011
023016121021
023016121033
023016121034
023016121035
023016121042
023016121052
023016121062
023016121072
023016121083
023016121084
023016121085
023016121093
023016121094
023016121095
023016121103
023016121104
023016121105
023016121113
023016121114
023016121115
023016121123
023016121124
023016121125
023016121132
023016121143
023016121144
023016121145
023016121152
023016121163
023016121164
023016121165
023016121172
023016124011
023016124022
023016124032
023016124042
023016124053
023016124054
023016124055
023016124063
023016124064
023016124065
023016124073
023016124074
023016124075
023016124083
023016124084
023016124085
023016125012
023016125022
023016125032
023016125043
023016125044
023016125045
023016125052
023016125053
023016125054
023016125055
023016126012
023016126023
023016126024
023016126025
023016126033
023016126034
023016126035
023016126043
023016126044
023016126045
023016264011
023216301011
023216301022
023216301033
023216301034
023216301035
023216301042
023216301043
023216301044
023216301045
023216308011
023216308022
023216308032
023216308033
023216308034
023216308035
023216308042
023216308052
023216308062
023216308072
023216309012
023216309022
023216309033
023216309034
023216309035
023216309042
023216309052
023216309053
023216309054
023216309055
023216309063
023216309064
023216309065
023216309073
023216309074
023216309075
023216309082
023216313011
023216313021
023216313032
023216313042
023216313052
023216313062
023216361011
023216402012
023216402023
023216402024
023216402025
023216402033
023216402034
023216402035
023216402042
023216402053
023216402054
023216402055
023216402063
023216402064
023216402065
023216403013
023216403014
023216403015
023216403023
023216403024
023216403025
023216403033
023216403034
023216403035
023216403042
023216403052
023216403063
023216403064
023216403065
023216410013
023216410014
023216410015
023216410022
023216410033
023216410034
023216410035
023216410043
023216410044
023216410045
023216410052
023216412012
023216412022
023216412033
023216412034
023216412035
023216412042
023216412053
023216412054
023216412055
023216412062
023216415011
023216415023
023216415024
023216415025
023216415033
023216415034
023216415035
023216415043
023216415044
023216415045
023216415052
023216415062
023216416011
023216416022
023216416033
023216416034
023216416035
023216416042
023216416052
023216416062
023216417011
023216417023
023216417024
023216417025
023216417033
023216417034
023216417035
023216417043
023216417044
023216417045
023216417052
023216418013
023216418014
023216418015
023216418023
023216418024
023216418025
023216418032
023216418043
023216418044
023216418045
023216418053
023216418054
023216418055
023216562011
023216604013
023216604014
023216604015
023216604023
023216604024
023216604025
023216604033
023216604034
023216604035
023216604043
023216604044
023216604045
023216604052
023216604062
023216604072
023216604073
023216604074
023216604075
023216605012
023216605023
023216605024
023216605025
023216605032
023216605043
023216605044
023216605045
023216605052
023216605063
023216605064
023216605065
023216605072
023216605083
023216605084
023216605085
023216606012
023216606023
023216606024
023216606025
023216606033
023216606034
023216606035
023216606043
023216606044
023216606045
023216606053
023216606054
023216606055
023216606063
023216606064
023216606065
023216606072
023216606083
023216606084
023216606085
023216606092
023216607012
023216607013
023216607014
023216607015
023216607023
023216607024
023216607025
023216607033
023216607034
023216607035
023216607043
023216607044
023216607045
023216607052
023216607063
023216607064
023216607065
023216611012
023216611022
023216611033
023216611034
023216611035
023216611043
023216611044
023216611045
023216614011
023216614023
023216614024
023216614025
023216614033
023216614034
023216614035
023216614042
023216614053
023216614054
023216614055
023216614062
023216614073
023216614074
023216614075
023216614082
023216614092
023216614102
023216614113
023216614114
023216614115
023216614123
023216614124
023216614125
023216663011
030210101011
030210101022
030210101032
030210101043
030210101044
030210101045
030210101052
030210101062
030210105011
030210105023
030210105024
030210105025
030210105032
030210105042
030210105052
030210105062
030210106011
030210106021
030210106031
030210106041
030210106052
030210106062
030210106072
030210106082
030210106092
030210107011
030210107022
030210107033
030210107034
030210107035
030210107042
030210110011
030210110021
030210110033
030210110034
030210110035
030210110042
030210110052
030210110053
030210110054
030210110055
030210110062
030210110072
030210112013
030210112014
030210112015
030210112023
030210112024
030210112025
030210112033
030210112034
030210112035
030210112043
030210112044
030210112045
030210112053
030210112054
030210112055
030210125011
030210125021
030210125033
030210125034
030210125035
030210125043
030210125044
030210125045
030210125052
030210125063
030210125064
030210125065
030210125072
030210126011
030210126021
030210126032
030210126043
030210126044
030210126045
030210126052
030210126062
030210161011
030210203011
030210203022
030210203032
030210203042
030210203052
030210203062
030210204013
030210204014
030210204015
030210204022
030210204032
030210204043
030210204044
030210204045
030210209011
030210209022
030210209032
030210209042
030210209052
030210209062
030210209073
030210209074
030210209075
030210209082
030210211011
030210211022
030210211032
030210211043
030210211044
030210211045
030210216001
030210216013
030210216014
030210216015
030210216022
030210216032
030210216043
030210216044
030210216045
030210216053
030210216054
030210216055
030210216062
030210262011
030210302011
030210302021
030210302031
030210302033
030210302034
030210302035
030210302041
030210302052
030210302062
030210302073
030210302074
030210302075
030210308011
030210308021
030210308031
030210308041
030210308051
030210308063
030210308064
030210308065
030210308072
030210308083
030210308084
030210308085
030210308092
030210308103
030210308104
030210308105
030210308112
030210308123
030210308124
030210308125
030210308133
030210308134
030210308135
030210308143
030210308144
030210308145
030210319011
030210319021
030210319032
030210319043
030210319044
030210319045
030210319052
030210319063
030210319064
030210319065
030210319072
030210319083
030210319084
030210319085
030210321011
030210321021
030210321031
030210321042
030210321053
030210321054
030210321055
030210321063
030210321064
030210321065
030210321072
030210321082
030210321091
030210324013
030210324014
030210324015
030210324022
030210324032
030210324033
030210324034
030210324035
030210324042
030210324053
030210324054
030210324055
030210324063
030210324064
030210324065
030210324073
030210324074
030210324075
030210363011
030210365011
030210413012
030210413022
030210413033
030210413034
030210413035
030210414011
030210414023
030210414024
030210414025
030210414032
030210414042
030210414053
030210414054
030210414055
030210414062
030210414073
030210414074
030210414075
030210414083
030210414084
030210414085
030210415011
030210415022
030210415033
030210415034
030210415035
030210415042
030210417012
030210417022
030210417032
030210417043
030210417044
030210417045
030210417053
030210417054
030210417055
030210418012
030210418022
030210418032
030210418033
030210418034
030210418035
030210418043
030210418044
030210418045
030210418052
030210420013
030210420014
030210420015
030210420022
030210420023
030210420024
030210420025
030210420033
030210420034
030210420035
030210420042
030210420052
030210420063
030210420064
030210420065
030210422013
030210422014
030210422015
030210422022
030210422033
030210422034
030210422035
030210423012
030210423022
030210423032
030210423043
030210423044
030210423045
030210423052
030210423062
030210423073
030210423074
030210423075
030210423082
030210423083
030210423084
030210423085
030210423092
030210564011
031613101011
031613101022
031613101033
031613101034
031613101035
031613101043
031613101044
031613101045
031613101052
031613101062
031613102013
031613102014
031613102015
031613102022
031613102033
031613102034
031613102035
031613102043
031613102044
031613102045
031613106012
031613106023
031613106024
031613106025
031613106032
031613106042
031613106052
031613107013
031613107014
031613107015
031613107022
031613107033
031613107034
031613107035
031613107042
031613107053
031613107054
031613107055
031613107063
031613107064
031613107065
031613107073
031613107074
031613107075
031613107082
031613107092
031613110013
031613110014
031613110015
031613110023
031613110024
031613110025
031613110032
031613110043
031613110044
031613110045
031613203011
031613203022
031613203032
031613203042
031613203052
031613203062
031613204013
031613204014
031613204015
031613204023
031613204024
031613204025
031613204032
031613204043
031613204044
031613204045
031613205013
031613205014
031613205015
031613205023
031613205024
031613205025
031613205032
031613205033
031613205034
031613205035
031613205042
031613205053
031613205054
031613205055
031613208013
031613208014
031613208015
031613208023
031613208024
031613208025
031613208033
031613208034
031613208035
031613208043
031613208044
031613208045
031613208052
031613208062
031613208072
031613209012
031613209022
031613209032
031613209042
031613209052
031613209062
031613209073
031613209074
031613209075
031613209083
031613209084
031613209085
031613209092
031613209102
031613209103
031613209104
031613209105
031613209112
031613209122
031613209123
031613209124
031613209125
031613209132
031613211012
031613211022
031613211033
031613211034
031613211035
031613211043
031613211044
031613211045
031613211053
031613211054
031613211055
031613211063
031613211064
031613211065
031613211073
031613211074
031613211075
031613261011
040410603012
040410603022
040410603032
040410603043
040410603044
040410603045
040410603052
040410603062
040410603072
040410603083
040410603084
040410603085
040410615011
040410615022
040410615032
040410615042
040410615052
040410615062
040410615072
040410615082
040410615092
040410661011
040410663011
040410702011
040410702022
040410702032
040410702042
040410702053
040410702054
040410702055
040410702062
040410702073
040410702074
040410702075
040410702082
040410702092
040410702102
040410704011
040410704022
040410704032
040410704042
040410704052
040410704062
040410704072
040410705011
040410705022
040410705032
040410705043
040410705044
040410705045
040410705052
040410705062
040410706012
040410706022
040410706033
040410706034
040410706035
040410706043
040410706044
040410706045
040410706052
040410706062
040410712011
040410712022
040410712032
040410712042
040410712052
040410712062
040410717011
040410717022
040410717032
040410717042
040410717052
040410762011
040410801011
040410801021
040410801031
040410801042
040410801052
040410801062
040410801072
040410801082
040410801092
040410808011
040410808022
040410808023
040410808024
040410808025
040410808032
040410808043
040410808044
040410808045
040410808052
040410808053
040410808054
040410808055
040410808062
040410808072
040410808073
040410808074
040410808075
040410808082
040410808092
040410811011
040410811022
040410811032
040410811042
040410811052
040410811053
040410811054
040410811055
040410811062
040410811072
040410818011
040410818022
040410818032
040410818043
040410818044
040410818045
040410818052
040410818063
040410818064
040410818065
040410818072
040410818083
040410818084
040410818085
040410818092
040410818102
040410818113
040410818114
040410818115
040410818123
040410818124
040410818125
040410818132
040410864011
040416707011
040416707022
040416707033
040416707034
040416707035
040416707042
040416707053
040416707054
040416707055
040416707063
040416707064
040416707065
040416707073
040416707074
040416707075
040416707082
040416707092
040416709012
040416709022
040416709033
040416709034
040416709035
040416709043
040416709044
040416709045
040416710001
040416710013
040416710014
040416710015
040416710023
040416710024
040416710025
040416710033
040416710034
040416710035
040416710042
040416710053
040416710054
040416710055
040416719013
040416719014
040416719015
040416719022
040416719023
040416719024
040416719025
040416719033
040416719034
040416719035
040416719043
040416719044
040416719045
040416719052
040416719063
040416719064
040416719065
040416813013
040416813014
040416813015
040416813023
040416813024
040416813025
040416813032
040416813043
040416813044
040416813045
040416814012
040416814022
040416814032
040416814042
040416814052
040416814063
040416814064
040416814065
040416814072
040416814082
040416814083
040416814084
040416814085
040416814093
040416814094
040416814095
040416814102
040416814112
040416816012
040416816022
040416816032
040416816042
040416816052
040416816063
040416816064
040416816065
042214004011
042214004022
042214004032
042214004042
042214004052
042214004062
042214004072
042214004082
042214005012
042214005023
042214005024
042214005025
042214005032
042214005042
042214005052
042214005062
042214005072
042214005083
042214005084
042214005085
042214010011
042214010023
042214010024
042214010025
042214010032
042214010042
042214010052
042214011011
042214011021
042214011023
042214011024
042214011025
042214011031
042214011041
042214011043
042214011044
042214011045
042214011052
042214011062
042214011072
042214015011
042214015021
042214015031
042214015042
042214015052
042214015062
042214015072
042214015082
042214015092
042214015102
042214101012
042214101023
042214101024
042214101025
042214101032
042214101042
042214101052
042214101063
042214101064
042214101065
042214101072
042214101082
042214101092
042214101102
042214108011
042214108021
042214108032
042214108042
042214108052
042214112011
042214112022
042214112032
042214112042
042214112053
042214112054
042214112055
042214112062
042214112063
042214112064
042214112065
042214112072
042214112082
042214112092
042214112102
042214163011
042214207011
042214207022
042214207032
042214207043
042214207044
042214207045
042214207052
042214207062
042214209011
042214209023
042214209024
042214209025
042214209032
042214209042
042214209052
042214209062
042214209073
042214209074
042214209075
042214209082
042214209092
042214209102
042214209113
042214209114
042214209115
042214213011
042214213013
042214213014
042214213015
042214213021
042214213031
042214213042
042214213052
042214213062
042214213072
042214213082
042214213093
042214213094
042214213095
042214213102
042214213112
042214213122
042214213132
042214214011
042214214023
042214214024
042214214025
042214214032
042214214043
042214214044
042214214045
042214214052
042214214062
042214216013
042214216014
042214216015
042214216022
042214216032
042214216042
042214216053
042214216054
042214216055
042214361011
042214362011
042214364011
042217202011
042217202023
042217202024
042217202025
042217202032
042217202043
042217202044
042217202045
042217202052
042217203011
042217203023
042217203024
042217203025
042217203032
042217203043
042217203044
042217203045
042217203052
042217203062
042217203072
042217206011
042217206022
042217206032
042217206042
042217206052
042217206062
042217206072
042217206082
042815402011
042815402022
042815402033
042815402034
042815402035
042815402042
042815402053
042815402054
042815402055
042815402062
042815402072
042815403011
042815403022
042815403032
042815403043
042815403044
042815403045
042815403052
042815403062
042815404012
042815404022
042815404032
042815404042
042815404052
042815404063
042815404064
042815404065
042815404073
042815404074
042815404075
042815404082
042815404093
042815404094
042815404095
042815407011
042815407021
042815407032
042815407043
042815407044
042815407045
042815407052
042815407063
042815407064
042815407065
042815407073
042815407074
042815407075
042815412011
042815412022
042815412032
042815412042
042815412052
042815415011
042815415022
042815415032
042815415042
042815415052
042815415062
042815415063
042815415064
042815415065
042815415072
042815415073
042815415074
042815415075
042815415083
042815415084
042815415085
042815415092
042815461011
042815505011
042815505022
042815505032
042815505042
042815505052
042815506011
042815506022
042815506032
042815506042
042815506052
042815506062
042815506072
042815506083
042815506084
042815506085
042815506093
042815506094
042815506095
042815506102
042815513012
042815513023
042815513024
042815513025
042815513032
042815513043
042815513044
042815513045
042815513052
042815513062
042815516013
042815516014
042815516015
042815516023
042815516024
042815516025
042815516033
042815516034
042815516035
042815516043
042815516044
042815516045
042815518012
042815518022
042815518033
042815518034
042815518035
042815519012
042815519022
042815519033
042815519034
042815519035
042815601011
042815601021
042815601032
042815601043
042815601044
042815601045
042815601052
042815601063
042815601064
042815601065
042815608011
042815608022
042815608032
042815608043
042815608044
042815608045
042815608053
042815608054
042815608055
042815608062
042815609011
042815609022
042815609032
042815609042
042815609053
042815609054
042815609055
042815610011
042815610023
042815610024
042815610025
042815610032
042815610042
042815610052
042815611012
042815611022
042815611032
042815611043
042815611044
042815611045
042815614013
042815614014
042815614015
042815614023
042815614024
042815614025
042815614033
042815614034
042815614035
042815614042
042815614052
042815614063
042815614064
042815614065
042815614072
042815614082
042815614093
042815614094
042815614095
042815614102
042815614112
042815614122
042815617011
042815617022
042815617032
042815617042
042815617043
042815617044
042815617045
042815617052
042815617062
042815617072
042815617082
042815617083
042815617084
042815617085
042815662011
051011506011
051011506022
051011506032
051011506042
051011506052
051011506062
051011506073
051011506074
051011506075
051011506082
051011506092
051011506102
051011506103
051011506104
051011506105
051011506113
051011506114
051011506115
051011508011
051011508021
051011508032
051011508042
051011508052
051011508062
051011508063
051011508064
051011508065
051011508072
051011520011
051011520021
051011520031
051011520043
051011520044
051011520045
051011520052
051011520062
051011520072
051011520073
051011520074
051011520075
051011520083
051011520084
051011520085
051011520092
051011521011
051011521022
051011521032
051011521042
051011521043
051011521044
051011521045
051011521052
051011661011
051011701011
051011701022
051011701032
051011701042
051011701052
051011701062
051011701072
051011701083
051011701084
051011701085
051011707012
051011707013
051011707014
051011707015
051011707023
051011707024
051011707025
051011707032
051011707043
051011707044
051011707045
051011707052
051011707062
051011707072
051011707082
051011707083
051011707084
051011707085
051011710012
051011710022
051011710032
051011710042
051011710052
051011710062
051011710072
051011710082
051011710083
051011710084
051011710085
051011710093
051011710094
051011710095
051011710102
051011710112
051011710113
051011710114
051011710115
051011712011
051011712022
051011712032
051011712042
051011712053
051011712054
051011712055
051011712062
051011712072
051011712082
051011712092
051011712102
051011712113
051011712114
051011712115
051011712122
051011712132
051011712142
051011716011
051011716022
051011716032
051011716042
051011716052
051011716053
051011716054
051011716055
051011716062
051011716072
051011716082
051011716092
051011716102
051011716103
051011716104
051011716105
051011716112
051011762011
051011803012
051011803023
051011803024
051011803025
051011803032
051011803042
051011803052
051011809013
051011809014
051011809015
051011809022
051011809032
051011809043
051011809044
051011809045
051011809052
051011809062
051011809072
051011809082
051011811012
051011811022
051011811033
051011811034
051011811035
051011811043
051011811044
051011811045
051011811052
051011811062
051011814011
051011814023
051011814024
051011814025
051011814032
051011814042
051011814052
051011814062
051011814072
051011814082
051011814093
051011814094
051011814095
051011814102
051011814113
051011814114
051011814115
051011817012
051011817022
051011817032
051011817042
051011817052
051011817053
051011817054
051011817055
051011817062
051011817072
051011817082
051011817093
051011817094
051011817095
051011817102
051011818012
051011818013
051011818014
051011818015
051011818022
051011818032
051011818042
051011818043
051011818044
051011818045
051011818052
051011818062
051011818073
051011818074
051011818075
051011819011
051011819023
051011819024
051011819025
051011819032
051011819042
051011902011
051011902022
051011902032
051011902033
051011902034
051011902035
051011902043
051011902044
051011902045
051011902052
051011902062
051011902072
051011902082
051011902092
051011902102
051011902113
051011902114
051011902115
051011904011
051011904022
051011904032
051011904042
051011904043
051011904044
051011904045
051011904052
051011904062
051011904063
051011904064
051011904065
051011904072
051011904082
051011905011
051011905022
051011905032
051011905042
051011905052
051011905053
051011905054
051011905055
051011905062
051011905072
051011905082
051011905092
051011905102
051011913011
051011913023
051011913024
051011913025
051011913032
051011913042
051011913052
051011913062
051011915012
051011915013
051011915014
051011915015
051011915022
051011915032
051011915042
051011915052
051011915062
051011915072
051011915082
051011915092
051011963011
052615204012
052615204023
052615204024
052615204025
052615204033
052615204034
052615204035
052615204043
052615204044
052615204045
052615204052
052615204053
052615204054
052615204055
052615204062
052615204072
052615204073
052615204074
052615204075
052615204082
052615204083
052615204084
052615204085
052615204092
052615204102
052615204112
052615204122
052615204123
052615204124
052615204125
052615204132
052615204133
052615204134
052615204135
052615204142
052615204143
052615204144
052615204145
052615204152
052615204153
052615204154
052615204155
052615204162
052615204172
052615204182
052615204192
052615205012
052615205022
052615205023
052615205024
052615205025
052615205033
052615205034
052615205035
052615205042
052615205043
052615205044
052615205045
052615205052
052615205062
052615205072
052615205083
052615205084
052615205085
052615207011
052615207022
052615207032
052615207043
052615207044
052615207045
052615207053
052615207054
052615207055
052615207062
052615210011
052615210022
052615210032
052615210042
052615210053
052615210054
052615210055
052615211011
052615211022
052615211032
052615211042
052615211053
052615211054
052615211055
052615261011
052615301013
052615301014
052615301015
052615301022
052615301032
052615301033
052615301034
052615301035
052615301042
052615301043
052615301044
052615301045
052615301052
052615301062
052615301063
052615301064
052615301065
052615301072
052615301082
052615301083
052615301084
052615301085
052615302012
052615302023
052615302024
052615302025
052615302032
052615302033
052615302034
052615302035
052615302042
052615302052
052615302063
052615302064
052615302065
052615302072
052615302082
052615302083
052615302084
052615302085
052615302092
052615302093
052615302094
052615302095
052615303012
052615303022
052615303033
052615303034
052615303035
052615303042
052615303043
052615303044
052615303045
052615303053
052615303054
052615303055
052615306012
052615306022
052615306023
052615306024
052615306025
052615306032
052615306043
052615306044
052615306045
052615306053
052615306054
052615306055
052615306062
052615306072
052615306082
052615308013
052615308014
052615308015
052615308022
052615308032
052615308043
052615308044
052615308045
052615308052
052615309011
052615309022
052615309032
052615309033
052615309034
052615309035
052615309042
052615309043
052615309044
052615309045
052615309052
052615309062
052615309072
052615309082
052615309093
052615309094
052615309095
052615312012
052615312013
052615312014
052615312015
052615312022
052615312032
052615312033
052615312034
052615312035
052615312043
052615312044
052615312045
052615312053
052615312054
052615312055
052615312062
052615312073
052615312074
052615312075
052615312082
052615312083
052615312084
052615312085
052615313012
052615313022
052615313032
052615313042
052615313052
052615313063
052615313064
052615313065
060610901011
060610901021
060610901032
060610901042
060610901052
060610901062
060610901072
060610901082
060610901092
060610901102
060610901112
060610901113
060610901114
060610901115
060610901122
060610901132
060610901142
060610901152
060610901162
060610901172
060610901182
060610901192
060610913012
060610913022
060610913032
060610913043
060610913044
060610913045
060610913052
060610913062
060610913072
060610915011
060610915022
060610915032
060610915033
060610915034
060610915035
060610915042
060610915052
060610915062
060610915072
060610915082
060610919011
060610919022
060610919032
060610919042
060610919052
060610919062
060610919072
060610919082
060610961011
060611002011
060611002022
060611002032
060611002042
060611002053
060611002054
060611002055
060611002062
060611002063
060611002064
060611002065
060611002073
060611002074
060611002075
060611002082
060611002092
060611002102
060611002112
060611002123
060611002124
060611002125
060611002132
060611002142
060611002143
060611002144
060611002145
060611003011
060611003022
060611003032
060611003042
060611003052
060611003062
060611003072
060611003082
060611003092
060611003102
060611003112
060611003113
060611003114
060611003115
060611003122
060611003132
060611003142
060611003152
060611003153
060611003154
060611003155
060611004011
060611004022
060611004032
060611004042
060611004052
060611004062
060611004072
060611004082
060611006011
060611006022
060611006032
060611006042
060611006043
060611006044
060611006045
060611006052
060611006062
060611006072
060611006082
060611006092
060611006102
060611006112
060611018011
060611018022
060611018032
060611018042
060611018052
060611018053
060611018054
060611018055
060611018062
060611018063
060611018064
060611018065
060611018072
060611018082
060611018092
060611018102
060611018112
060611018122
060611018123
060611018124
060611018125
060611018132
060611020012
060611020022
060611020032
060611020043
060611020044
060611020045
060611020052
060611020062
060611020072
060611020082
060611020092
060611020102
060611020112
060611020122
060611020133
060611020134
060611020135
060611020142
060611020153
060611020154
060611020155
060611062011
060611064011
060611108011
060611108022
060611108032
060611108042
060611108052
060611108053
060611108054
060611108055
060611108063
060611108064
060611108065
060611108072
060611108082
060611108092
060611108103
060611108104
060611108105
060611108112
060611108122
060611108132
060611109013
060611109014
060611109015
060611109022
060611109033
060611109034
060611109035
060611109042
060611109052
060611109062
060611109072
060611109082
060611109092
060611109102
060611109112
060611109122
060611109132
060611109142
060611109152
060611109162
060611110012
060611110022
060611110033
060611110034
060611110035
060611110042
060611110052
060611110062
060611117011
060611117022
060611117033
060611117034
060611117035
060611117042
060611117052
060611163011
060611205012
060611205022
060611205032
060611205042
060611205053
060611205054
060611205055
060611205062
060611205063
060611205064
060611205065
060611205072
060611207011
060611207022
060611207023
060611207024
060611207025
060611207032
060611207042
060611207052
060611207062
060611207072
060611207082
060611207083
060611207084
060611207085
060611207092
060611207102
060611211011
060611211021
060611211032
060611211042
060611211052
060611211062
060611211072
060611211082
060611211083
060611211084
060611211085
060611211092
060611211102
060611211112
060611212012
060611212022
060611212023
060611212024
060611212025
060611212032
060611212042
060611212053
060611212054
060611212055
060611212063
060611212064
060611212065
060611212072
060611214011
060611214022
060611214032
060611214043
060611214044
060611214045
060611214052
060611214053
060611214054
060611214055
060611214062
060611214063
060611214064
060611214065
060611214072
060611214083
060611214084
060611214085
060611214092
060611214102
060611214103
060611214104
060611214105
060611214112
060611216011
060611216022
060611216032
060611216043
060611216044
060611216045
060611216052
060611216062
061813301012
061813301022
061813301032
061813301043
061813301044
061813301045
061813301052
061813301062
061813301072
061813301083
061813301084
061813301085
061813302013
061813302014
061813302015
061813302022
061813302032
061813302042
061813302052
061813302062
061813305011
061813305022
061813305032
061813305042
061813305052
061813305053
061813305054
061813305055
061813305062
061813305072
061813305082
061813305092
061813305102
061813305112
061813307012
061813307023
061813307024
061813307025
061813307033
061813307034
061813307035
061813307043
061813307044
061813307045
061813307052
061813307062
061813307072
061813307083
061813307084
061813307085
061813307092
061813307102
061813317011
061813317022
061813317032
061813317042
061813317052
061813317062
061813317073
061813317074
061813317075
061813317082
061813321012
061813321022
061813321033
061813321034
061813321035
061813321042
061813321052
061813361011
061813404011
061813404021
061813404032
061813404042
061813404052
061813404062
061813404072
061813404073
061813404074
061813404075
061813404082
061813404092
061813404102
061813404112
061813409011
061813409023
061813409024
061813409025
061813409032
061813409042
061813409052
061813409053
061813409054
061813409055
061813409063
061813409064
061813409065
061813409072
061813409082
061813413012
061813413013
061813413014
061813413015
061813413022
061813413023
061813413024
061813413025
061813413032
061813413042
061813413052
061813413062
061813413072
061813413082
061813413092
061813413102
061813414011
061813414022
061813414032
061813414042
061813414043
061813414044
061813414045
061813414053
061813414054
061813414055
061813414062
061813414073
061813414074
061813414075
061813414082
061813414092
061813462011
061813506012
061813506023
061813506024
061813506025
061813506032
061813506042
061813506052
061813506062
061813510011
061813510022
061813510032
061813510042
061813510052
061813510062
061813510072
061813515012
061813515022
061813515033
061813515034
061813515035
061813515043
061813515044
061813515045
061813515052
061813516011
061813516023
061813516024
061813516025
061813516032
061813516033
061813516034
061813516035
061813516042
061813516052
061813516063
061813516064
061813516065
061813516072
061813516082
061813516092
061813516102
061813516113
061813516114
061813516115
061813516122
061813516132
061813516143
061813516144
061813516145
061813519012
061813519022
061813519032
061813519043
061813519044
061813519045
061813519052
061813563011
061813603011
061813603022
061813603023
061813603024
061813603025
061813603032
061813603042
061813603052
061813603063
061813603064
061813603065
061813603072
061813608011
061813608022
061813608032
061813608042
061813608053
061813608054
061813608055
061813611011
061813611022
061813611032
061813611042
061813611052
061813611062
061813611072
061813611073
061813611074
061813611075
061813611083
061813611084
061813611085
061813611092
061813611102
061813612012
061813612022
061813612032
061813612042
061813612053
061813612054
061813612055
061813612063
061813612064
061813612065
061813612073
061813612074
061813612075
061813618011
061813618022
061813618032
061813618042
061813618052
061813618053
061813618054
061813618055
061813618062
061813620013
061813620014
061813620015
061813620022
061813620032
061813620043
061813620044
061813620045
061813664011
062013702013
062013702014
062013702015
062013702023
062013702024
062013702025
062013702032
062013702042
062013702052
062013702063
062013702064
062013702065
062013702072
062013702073
062013702074
062013702075
062013702082
062013702093
062013702094
062013702095
062013702103
062013702104
062013702105
062013702112
062013702123
062013702124
062013702125
062013702133
062013702134
062013702135
062013702143
062013702144
062013702145
062013702152
062013702162
062013711013
062013711014
062013711015
062013711022
062013711032
062013711042
062013711043
062013711044
062013711045
062013711052
062013711062
062013711072
062013711083
062013711084
062013711085
062013711092
062013711093
062013711094
062013711095
062013711102
062013761011
062013803011
062013803021
062013803032
062013803042
062013803052
062013803062
062013803072
062013803082
062013805011
062013805022
062013805032
062013805042
062013805052
062013805062
062013805073
062013805074
062013805075
062013805082
062013805092
062013806011
062013806022
062013806032
062013806042
062013806053
062013806054
062013806055
062013806062
062013807013
062013807014
062013807015
062013807022
062013807032
062013807043
062013807044
062013807045
062013807052
062013807062
062013807072
062013807082
062013807092
062013810011
062013810023
062013810024
062013810025
062013810032
062013810042
062013810052
062013810062
062013810072
062013810082
062013810092
062013813011
062013813023
062013813024
062013813025
062013813032
062013813033
062013813034
062013813035
062013813042
062013813052
062013813062
062013813072
062013813082
062013813092
062013813093
062013813094
062013813095
062013813102
062013814011
062013814022
062013814032
062013814042
062013814052
062013862011
062013901011
062013901022
062013901032
062013901043
062013901044
062013901045
062013901052
062013901062
062013901072
062013904011
062013904022
062013904032
062013904043
062013904044
062013904045
062013904053
062013904054
062013904055
062013904062
062013908013
062013908014
062013908015
062013908022
062013908032
062013908043
062013908044
062013908045
062013908052
062013908063
062013908064
062013908065
062013908072
062013909011
062013909022
062013909032
062013909042
062013909052
062013912012
062013912022
062013912032
062013912042
062013912052
062013912062
062013912072
062013912082
062013912092
062013963011
071412831001
071412831011
071412831021
071412831031
071412831041
071412831121
071412831131
071412831141
071412831151
071412831161
071412831171
071412831181
071412831981
071412831991
071412865011
071412865028
071412865038
071412865048
071412865058
071412865068
071412865078
071412865088
071412865098
071412865108
071412865118
071412865128
071412865138
071412865148
071412865158
071412865168
071412865178
071412865188
071412865198
071412865998
071412908011
071412908022
071412908032
071412908043
071412908044
071412908045
071412908052
071412912011
071412912021
071412912031
071412912042
071412912043
071412912044
071412912045
071412912052
071412912062
071412912063
071412912064
071412912065
071412912072
071412912073
071412912074
071412912075
071412912082
071412912093
071412912094
071412912095
071412912102
071412912103
071412912104
071412912105
071412912112
071412912122
071412912123
071412912124
071412912125
071412912132
071412912133
071412912134
071412912135
071412912142
071412912151
071412917011
071412917021
071412917032
071412917043
071412917044
071412917045
071412917052
071412917062
071412917063
071412917064
071412917065
071412917072
071412917082
071412934011
071412934021
071412934031
071412934041
071412934052
071412934062
071412934063
071412934064
071412934065
071412934072
071412934082
071412934093
071412934094
071412934095
071412934102
071412934113
071412934114
071412934115
071412934123
071412934124
071412934125
071413005011
071413005021
071413005032
071413005043
071413005044
071413005045
071413005052
071413005062
071413014011
071413014022
071413014032
071413014043
071413014044
071413014045
071413014052
071413014063
071413014064
071413014065
071413018013
071413018014
071413018015
071413018023
071413018024
071413018025
071413018032
071413018043
071413018044
071413018045
071413018052
071413018063
071413018064
071413018065
071413021011
071413021021
071413021033
071413021034
071413021035
071413021042
071413021052
071413021062
071413032013
071413032014
071413032015
071413032022
071413032032
071413032042
071413032053
071413032054
071413032055
071413032063
071413032064
071413032065
071413032072
071422502011
071422502022
071422502033
071422502034
071422502035
071422502042
071422502052
071422502062
071422502072
071422502082
071422502092
071422513011
071422513022
071422513032
071422513042
071422513052
071422513062
071422513072
071422513082
071422513092
071422513102
071422520011
071422520021
071422520032
071422520042
071422520043
071422520044
071422520045
071422520052
071422520062
071422520072
071422520082
071422520083
071422520084
071422520085
071422520092
071422520102
071422520112
071422520113
071422520114
071422520115
071422520122
071422524012
071422524022
071422524032
071422524043
071422524044
071422524045
071422524052
071422524062
071422524072
071422537013
071422537014
071422537015
071422537022
071422537032
071422537033
071422537034
071422537035
071422537042
071422537052
071422537063
071422537064
071422537065
071422611011
071422611022
071422611032
071422611042
071422611052
071422611062
071422611073
071422611074
071422611075
071422611082
071422611092
071422611102
071422615012
071422615022
071422615032
071422615042
071422615052
071422615062
071422615072
071422615083
071422615084
071422615085
071422615092
071422615102
071422615112
071422616011
071422616022
071422616032
071422616043
071422616044
071422616045
071422616052
071422616062
071422616072
071422616082
071422616092
071422616102
071422616112
071422622011
071422622023
071422622024
071422622025
071422622032
071422622042
071422622052
071422622062
071422622072
071422635012
071422635022
071422635032
071422635042
071422635053
071422635054
071422635055
071422635062
071422661011
071422701013
071422701014
071422701015
071422701022
071422701032
071422701042
071422701052
071422701063
071422701064
071422701065
071422707012
071422707022
071422707023
071422707024
071422707025
071422707032
071422707042
071422707053
071422707054
071422707055
071422707062
071422707063
071422707064
071422707065
071422707072
071422709012
071422709022
071422709023
071422709024
071422709025
071422709033
071422709034
071422709035
071422709042
071422709052
071422709053
071422709054
071422709055
071422709062
071422709063
071422709064
071422709065
071422723012
071422723022
071422723023
071422723024
071422723025
071422723032
071422723042
071422723043
071422723044
071422723045
071422723052
071422723063
071422723064
071422723065
071422723072
071422723082
071422725011
071422725022
071422725033
071422725034
071422725035
071422725042
071422725052
071422725062
071422725063
071422725064
071422725065
071422725072
071422725082
071422725092
071422725093
071422725094
071422725095
071422725103
071422725104
071422725105
071422725112
071422725122
071422725132
071422730012
071422730022
071422730023
071422730024
071422730025
071422730032
071422730042
071422730053
071422730054
071422730055
071422736012
071422736013
071422736014
071422736015
071422736022
071422736032
071422736042
071422736053
071422736054
071422736055
071422763011
071427004011
071427004022
071427004032
071427004042
071427004043
071427004044
071427004045
071427004052
071427019012
071427019022
071427019023
071427019024
071427019025
071427019032
071427019042
071427019053
071427019054
071427019055
071427019063
071427019064
071427019065
071427019072
071427019082
071427019092
071427019102
071427019112
071427019122
071427019132
071427019142
071427019153
071427019154
071427019155
071427027011
071427027022
071427027032
071427027042
071427027052
071427027062
071427027072
071427062011
071427103011
071427103021
071427103032
071427103042
071427103052
071427103062
071427103072
071427103073
071427103074
071427103075
071427103082
071427103092
071427103103
071427103104
071427103105
071427103112
071427103122
071427103132
071427103143
071427103144
071427103145
071427110012
071427110023
071427110024
071427110025
071427110032
071427110042
071427110052
071427110062
071427126012
071427126022
071427126032
071427126042
071427126053
071427126054
071427126055
071427126062
071427126072
071427126082
071427126092
071427126102
071427126112
071427126122
071427126132
071427129011
071427129022
071427129032
071427129042
071427129052
071427129053
071427129054
071427129055
071427129062
071427129072
071427129082
071427129092
071427133011
071427133022
071427133032
071427133042
071427133053
071427133054
071427133055
071427133062
071427133072
071427133082
071427133092
071427164011
071427306012
071427306022
071427306032
071427306042
071427306053
071427306054
071427306055
071427306062
071427306073
071427306074
071427306075
071427306083
071427306084
071427306085
071427306092
071427306102
071427306113
071427306114
071427306115
071427328011
071427328022
071427328032
071427328042
071427328052
071427328062
071427328072
071427328082
071427338011
071427338023
071427338024
071427338025
071427338032
071427338042
071427338052
071427338053
071427338054
071427338055
